[[0,493,710,450,943,737,1450,1064,1206,767,1543,1234,700,154,515,1627,1436],
                 [493,0,556,591,905,1081,1411,1408,1277,838,1815,1467,460,329,859,1030,1700],
                 [710,556,0,263,354,590,860,887,742,304,1263,933,300,272,473,500,1135],
                 [450,591,263,0,500,403,1000,730,753,325,1250,870,480,387,238,440,1080],
                 [943,905,354,500,0,732,749,895,567,314,1000,915,485,817,688,509,1121],
                 [737,1081,590,403,732,0,803,325,639,451,1000,633,888,764,291,334,835],
                 [1450,1411,860,1000,749,803,0,549,154,563,406,319,1123,1340,944,474,527],
                 [1064,1408,887,730,895,325,549,0,500,583,644,267,1189,1081,617,389,429],
                 [1206,1277,742,753,567,639,154,500,0,435,507,319,1047,1126,785,313,523],
                 [767,838,304,325,314,451,563,583,435,0,936,632,609,697,457,197,843],
                 [1543,1815,1263,1250,1000,1000,406,644,507,936,0,462,1526,1630,1190,823,431],
                 [1234,1467,933,870,915,633,319,267,319,632,262,0,1240,1260,811,440,205],
                 [700,460,300,480,485,888,1123,1189,1047,609,1526,1240,0,548,715,1310,1441],
                 [154,329,272,387,817,764,1340,1081,1126,697,1630,1260,548,0,543,833,1465],
                 [515,859,474,238,688,281,944,617,785,457,1190,811,715,543,0,472,1012],
                 [1627,1030,500,440,509,334,474,389,313,197,823,440,1310,833,472,0,638],
                 [1436,1700,1135,1080,1121,835,527,479,523,843,431,205,1441,1465,1012,638,0]
                 ]